h total lead0 lead1 distinct_pairs double_pairs
-- ----- ----- ----- -------------- ------------
 1     2     1     1              0            0
 2     3     2     1              2            1
 3     5     3     2              4            1
 4     7     4     3              6            1
 5    11     6     5              9            2
 6    16     9     7             13            3
 7    25    14    11             20            5
 8    35    19    16             28            7
 9    52    28    24             42           10
10    71    38    33             58           13
11   104    56    48             85           19
12   141    77    64            116           25
13   203   110    93            169           34
14   272   147   125            228           44
15   387   208   179            325           62
16   517   280   237            436           81
17   733   395   338            618          115
18   971   523   448            822          149
19  1364   730   634           1154          210
20  1792   958   834           1518          274
21  2497  1333  1164           2115          382
